0 0 0 False 0
4.967453 0 -1.03144E-07 False 0.02
5.545459 0 -0.001099024 False 0.04
5.533405 0 0.001460545 False 0.06
5.513543 0 0.004049715 False 0.08
5.486078 0 0.006662223 False 0.09999999
5.451675 0 0.00929448 False 0.12
5.41096 0 0.01194306 False 0.14
5.364514 0 0.01460483 False 0.16
5.312886 0 0.01727694 False 0.18
5.257753 0 0.01996486 False 0.2
5.263674 0 0.02266612 False 0.22
5.330704 0 0.02537841 False 0.24
5.25957 0 0.02809131 False 0.26
5.184912 0 0.03080283 False 0.28
5.107141 0 0.03351112 False 0.3
5.026643 0 0.03621453 False 0.32
4.943777 0 0.03892672 False 0.34
4.858878 0 0.04163105 False 0.36
4.772258 0 0.04432625 False 0.38
4.684208 0 0.04701112 False 0.4
4.594999 0 0.04968463 False 0.42
4.504881 0 0.0523458 False 0.44
4.414087 0 0.05499378 False 0.46
4.322832 0 0.05762779 False 0.48
4.231317 0 0.06024717 False 0.5
4.139724 0 0.06285129 False 0.52
4.048226 0 0.06543963 False 0.54
3.956979 0 0.06801169 False 0.56
3.866125 0 0.07056705 False 0.58
3.775799 0 0.07310538 False 0.6
3.68612 0 0.07562641 False 0.62
3.597201 0 0.0781299 False 0.64
3.509141 0 0.08058697 False 0.66
3.422032 0 0.08302616 False 0.68
3.335958 0 0.08544735 False 0.7
3.250995 0 0.08785046 False 0.72
3.167211 0 0.09023546 False 0.74
3.084666 0 0.09254068 False 0.76
3.003415 0 0.09482787 False 0.78
2.923506 0 0.09709707 False 0.8
2.844982 0 0.09934837 False 0.82
2.767882 0 0.1015365 False 0.84
2.692237 0 0.1037071 False 0.86
2.618077 0 0.1058367 False 0.88
2.545425 0 0.1079489 False 0.9
2.474303 0 0.1100279 False 0.92
2.404725 0 0.1120899 False 0.94
2.336708 0 0.1141215 False 0.96
2.27026 0 0.1161234 False 0.98
2.20539 0 0.1180999 False 1
2.142103 0 0.1200601 False 1.02
2.080402 0 0.1219918 False 1.04
2.020288 0 0.1239078 False 1.06
1.961759 0 0.1257958 False 1.08
1.904813 0 0.1276557 False 1.1
1.849445 0 0.1295007 False 1.12
1.795648 0 0.1313211 False 1.14
1.743417 0 0.1331165 False 1.16
1.692741 0 0.1348978 False 1.18
1.643611 0 0.1366577 False 1.2
1.596016 0 0.1383918 False 1.22
1.549945 0 0.1401042 False 1.24
1.505385 0 0.1418035 False 1.26
1.462322 0 0.143481 False 1.28
1.420741 0 0.1451459 False 1.3
1.380629 0 0.1467782 False 1.32
1.341968 0 0.1483985 False 1.34
1.304744 0 0.1499922 False 1.36
1.268938 0 0.1515745 False 1.38
1.234532 0 0.1531323 False 1.4
1.201509 0 0.1546667 False 1.42
1.169848 0 0.1561902 False 1.44
1.139531 0 0.1576952 False 1.46
1.110534 0 0.1591898 False 1.48
1.082838 0 0.1606605 False 1.5
1.056419 0 0.1621215 False 1.52
1.031255 0 0.1635621 False 1.54
1.00732 0 0.1649934 False 1.56
0.9845892 0 0.1664062 False 1.58
0.9630366 0 0.1678039 False 1.6
0.9426345 0 0.169193 False 1.62
0.9233545 0 0.1705697 False 1.64
0.9051673 0 0.1719382 False 1.66
0.8880428 0 0.1732953 False 1.68
0.8719495 0 0.1746446 False 1.7
0.8568551 0 0.1759861 False 1.72
0.8427269 0 0.1773216 False 1.74
0.8295309 0 0.1786498 False 1.76
0.8172325 0 0.1799707 False 1.78
0.805797 0 0.1812943 False 1.8
0.7951887 0 0.182611 False 1.82
0.7853723 0 0.1839383 False 1.84
0.7763113 0 0.1852591 False 1.86
0.7679703 0 0.1865921 False 1.88
0.7603132 0 0.1879189 False 1.9
0.7533045 0 0.1892594 False 1.92
0.7469092 0 0.1905938 False 1.94
0.7410927 0 0.1919433 False 1.96
0.7358211 0 0.1932871 False 1.98
0.7310613 0 0.1946547 False 2
0.7267808 0 0.1960168 False 2.02
0.7229487 0 0.1974036 False 2.04
0.7195342 0 0.1987852 False 2.06
0.7165084 0 0.2001897 False 2.08
0.7138434 0 0.201589 False 2.1
0.7115123 0 0.2030112 False 2.12
0.7094895 0 0.2044286 False 2.14
0.7077507 0 0.2058813 False 2.16
0.7062728 0 0.2073295 False 2.18
0.705034 0 0.2088097 False 2.2
0.7040136 0.2230332 0.2102855 False 2.22
0.7031921 0.2230332 0.211796 False 2.24
0.7025514 0.6360064 0.2133022 False 2.26
0.7144868 0.6360064 0.2157589 False 2.28
0.7546611 0.720741 0.2207839 False 2.3
0.8150003 0.720741 0.2284029 False 2.32
0.9009982 0.756986 0.2389246 False 2.34
1.001812 0.756986 0.2523797 False 2.36
1.118645 0.7726594 0.2688837 False 2.38
1.243867 0.7726594 0.288453 False 2.4
1.377704 0.7760127 0.3111361 False 2.42
1.516128 0.7760127 0.3369433 False 2.44
1.65854 0.7760127 0.3658837 False 2.46
1.803549 0.7760127 0.3979546 False 2.48
1.781237 0.7760127 0.4331633 False 2.5
1.955345 0.7760127 0.4715061 False 2.52
2.281204 0.7760127 0.5129883 False 2.54
2.417607 0.7760127 0.5575931 False 2.56
2.556672 0.7760127 0.6053309 False 2.58
2.697943 0.7760127 0.656186 False 2.6
2.841056 0.7760127 0.7101745 False 2.62
2.985719 0.7760127 0.7672912 False 2.64
3.131697 0.7760127 0.8275412 False 2.66
3.278798 0.7760127 0.8909247 False 2.68
3.426866 0.7760127 0.9574416 False 2.7
3.575769 0.7760127 1.027092 False 2.72
3.725402 0.7760127 1.099876 False 2.74
3.875673 0.7760127 1.175793 False 2.76
4.026506 0.7760127 1.254843 False 2.78
4.177837 0.7760127 1.337027 False 2.8
4.329611 0.7760127 1.422345 False 2.82
4.481781 0.7760127 1.510795 False 2.84
4.634305 0.7760127 1.602379 False 2.86
4.787148 0.7760127 1.697096 False 2.88
4.94028 0.7760127 1.794947 False 2.9
5.093674 0.7760127 1.89593 False 2.92
5.247305 0.7760127 2.000047 False 2.94
5.401154 0.7760127 2.107297 False 2.96
5.5552 0.7760127 2.21768 False 2.98
5.709428 0.7760127 2.331196 False 3
5.863824 0.7760127 2.447845 False 3.02
6.018373 0.7760127 2.567628 False 3.04
6.173064 0.7760127 2.690543 False 3.06
6.327886 0.7760127 2.816591 False 3.08
6.48283 0.7760127 2.945772 False 3.1
6.637887 0.7760127 3.078087 False 3.12
6.793048 0.7760127 3.213534 False 3.14
6.948308 0.7760127 3.352114 False 3.16
7.103658 0.7760127 3.493826 False 3.18
7.259093 0.7760127 3.638672 False 3.2
7.414608 0.7760127 3.78665 False 3.22
7.570197 0.7760127 3.937761 False 3.24
7.725855 0.7760127 4.092005 False 3.26
7.881579 0.7760127 4.249382 False 3.28
8.037365 0.7760127 4.409891 False 3.3
8.193209 0.7760127 4.573533 False 3.32
8.349106 0.7760127 4.740307 False 3.34
8.505055 0.7760127 4.910214 False 3.36
8.661053 0.7760127 5.083254 False 3.38
8.817097 0.7760127 5.259426 False 3.4
8.973182 0.7760127 5.438731 False 3.42
9.12931 0.7760127 5.621168 False 3.44
9.285475 0.7760127 5.806737 False 3.46
9.441677 0.7760127 5.995439 False 3.48
9.597914 0.7760127 6.187273 False 3.5
9.754183 0.7760127 6.38224 False 3.52
9.910483 0.7760127 6.580339 False 3.54
10.06681 0.7760127 6.78157 False 3.56
10.21649 0.7760127 6.9858 False 3.58
10.35123 0.7760127 7.192729 False 3.6
10.47251 0.7760127 7.402089 False 3.62
10.5817 0.7760127 7.613635 False 3.64
10.67999 0.7760127 7.82715 False 3.66
10.76847 0.7760127 8.042439 False 3.68
10.84812 0.7760127 8.259321 False 3.7
10.91983 0.7760127 8.47764 False 3.72
10.98439 0.7760127 8.697251 False 3.74
11.04251 0.7760127 8.918026 False 3.76
11.09484 0.7792151 9.139847 False 3.78
11.14195 0.7792151 9.36261 False 3.8
11.18501 0.7792151 9.586234 False 3.82
11.22378 0.7792151 9.810633 False 3.84
11.25869 0.7792151 10.03573 False 3.86
11.29012 0.7792151 10.26145 False 3.88
11.31843 0.7792151 10.48774 False 3.9
11.34391 0.7792151 10.71453 False 3.92
11.36687 0.7792151 10.94179 False 3.94
11.38754 0.7792151 11.16945 False 3.96
11.40615 0.7792151 11.39748 False 3.98
11.42292 0.7792151 11.62585 False 4
11.43802 0.7792151 11.85451 False 4.02
11.45162 0.7792151 12.08344 False 4.04
11.46387 0.7792151 12.31262 False 4.06
11.47491 0.7792151 12.54201 False 4.08
11.48485 0.7792151 12.7716 False 4.1
11.49381 0.7792151 13.00136 False 4.12
11.50189 0.7792151 13.23128 False 4.14
11.50916 0.7792151 13.46134 False 4.16
11.51572 0.7792151 13.69152 False 4.18
11.52163 0.7792151 13.92182 False 4.2
11.52695 0.7792151 14.15222 False 4.22
11.53175 0.7792151 14.38271 False 4.24
11.53608 0.7792151 14.61329 False 4.26
11.53998 0.7792151 14.84394 False 4.28
11.5435 0.7792151 15.07465 False 4.3
11.54667 0.7792151 15.30542 False 4.32
11.54954 0.7792151 15.53624 False 4.34
11.55212 0.7792151 15.76711 False 4.36
11.55445 0.7792151 15.99802 False 4.38
11.55655 0.7792151 16.22896 False 4.4
11.55845 0.7792151 16.45994 False 4.42
11.56016 0.7792151 16.69095 False 4.44
11.56171 0.7792151 16.92199 False 4.46
11.56311 0.7792151 17.15304 False 4.48
11.56437 0.7792151 17.38411 False 4.5
11.56551 0.7792151 17.6152 False 4.52
11.56654 0.7792151 17.84631 False 4.54
11.56747 0.7792151 18.07743 False 4.56
11.56831 0.7792151 18.30856 False 4.58
11.56907 0.7792151 18.5397 False 4.6
11.56976 0.7792151 18.77084 False 4.62
11.57038 0.7792151 19.002 False 4.64
11.57095 0.7792151 19.23315 False 4.66
11.57146 0.7792151 19.46432 False 4.68
11.57192 0.7792151 19.69548 False 4.7
11.57234 0.7792151 19.92665 False 4.72
11.57271 0.7792151 20.15782 False 4.74
11.57306 0.7792151 20.38899 False 4.76
11.57337 0.7792151 20.62016 False 4.78
11.57365 0.7792151 20.85133 False 4.8
11.57391 0.7792151 21.0825 False 4.82
11.57414 0.7792151 21.31367 False 4.84
11.57435 0.7792151 21.54483 False 4.86
11.57454 0.7792151 21.776 False 4.88
11.57471 0.7792151 22.00716 False 4.9
11.57487 0.7792151 22.23832 False 4.92
11.57501 0.7792151 22.46947 False 4.94
11.57514 0.7792151 22.70063 False 4.96
11.57526 0.7792151 22.93178 False 4.98
11.57537 0.7792151 23.16293 False 5
11.57546 0.7792151 23.39407 False 5.02
11.57555 0.7792151 23.62521 False 5.04
11.57563 0.7792151 23.85635 False 5.06
11.5757 0.7792151 24.08748 False 5.08
11.57577 0.7792151 24.31861 False 5.1
11.57583 0.7792151 24.54973 False 5.12
11.57588 0.7792151 24.78085 False 5.14
11.57593 0.7792151 25.01197 False 5.16
11.57597 0.7792151 25.24308 False 5.18
11.57601 0.7792151 25.47418 False 5.2
11.57605 0.7792151 25.70529 False 5.22
11.57608 0.7792151 25.93638 False 5.24
11.57611 0.7792151 26.16747 False 5.26
11.57613 0.7792151 26.39856 False 5.28
11.57616 0.7792151 26.62964 False 5.3
11.57618 0.7792151 26.86072 False 5.32
11.57619 0.7792151 27.0918 False 5.34
11.57621 0.7792151 27.32287 False 5.36
11.57622 0.7792151 27.55393 False 5.38
11.57623 0.7792151 27.78499 False 5.4
11.57624 0.7792151 28.01605 False 5.42
11.57625 0.7792151 28.2471 False 5.44
11.55648 0.7792151 28.47815 False 5.46
11.56877 0.7792151 28.70924 False 5.48
11.56828 0.7792151 28.94033 False 5.5
11.56787 0.7792151 29.17144 False 5.52
11.56755 0.7792151 29.40255 False 5.54
11.5673 0.7792151 29.63367 False 5.56
11.56711 0.7792151 29.86481 False 5.58
11.56697 0.7792151 30.09595 False 5.6
11.56737 0.7792151 30.32708 False 5.62
11.57051 0.7792151 30.55819 False 5.64
11.57526 0.7792151 30.78927 False 5.66
11.58083 0.7792151 31.02033 False 5.68
11.58664 0.7792151 31.25135 False 5.7
11.59231 0.7792151 31.48231 False 5.72
11.59759 0.7792151 31.71322 False 5.74
11.60232 0.7792151 31.94406 False 5.76
11.60641 0.7792151 32.17482 False 5.78
11.60985 0.7792151 32.4055 False 5.8
11.61262 0.7792151 32.6361 False 5.82
11.61475 0.7792151 32.8666 False 5.84
11.61628 0.7792151 33.097 False 5.86
11.61726 0.7792151 33.3273 False 5.88
11.61774 0.7792151 33.5575 False 5.9
11.61778 0.7792151 33.78761 False 5.92
11.61742 0.7792151 34.0176 False 5.94
11.61673 0.7792151 34.2475 False 5.96
11.61573 0.7792151 34.4773 False 5.98
11.61449 0.7792151 34.707 False 6
11.61304 0.7792151 34.9366 False 6.02
11.61141 0.7792151 35.16611 False 6.04
11.60963 0.7792151 35.39553 False 6.06
11.60775 0.7792151 35.62485 False 6.08
11.60577 0.7792151 35.85409 False 6.1
11.60373 0.7792151 36.08324 False 6.12
11.60164 0.7792151 36.31232 False 6.14
11.59953 0.7792151 36.54131 False 6.16
11.5974 0.7792151 36.77023 False 6.18
11.59527 0.7792151 36.99907 False 6.2
11.59316 0.7792151 37.22785 False 6.22
11.59108 0.7792151 37.45656 False 6.24
11.58902 0.7792151 37.6852 False 6.26
11.58701 0.7792151 37.91379 False 6.28
11.58505 0.7792151 38.14231 False 6.3
11.58315 0.7792151 38.37078 False 6.32
11.5813 0.7792151 38.59919 False 6.34
11.57952 0.7768039 38.82756 False 6.36
11.57781 0.7768039 39.05588 False 6.38
11.57617 0.7768039 39.28415 False 6.4
11.5746 0.7768039 39.51238 False 6.42
11.57311 0.7768039 39.74057 False 6.44
11.5717 0.7768039 39.96872 False 6.46
11.57037 0.7768039 40.19683 False 6.48
11.56912 0.7768039 40.42491 False 6.5
11.56794 0.7744679 40.65296 False 6.52
11.56685 0.7744679 40.88098 False 6.54
11.56583 0.7744679 41.10897 False 6.56
11.56489 0.7744679 41.33693 False 6.58
11.56403 0.7744679 41.56487 False 6.6
11.56324 0.7744679 41.79279 False 6.62
11.56253 0.7744679 42.02068 False 6.64
11.56188 0.7744679 42.24855 False 6.66
11.5613 0.7744679 42.47641 False 6.68
11.56079 0.7744679 42.70426 False 6.7
11.56034 0.7744679 42.93209 False 6.72
11.55995 0.7744679 43.15991 False 6.74
11.55962 0.7744679 43.38772 False 6.76
11.55935 0.7744679 43.61552 False 6.78
11.55913 0.7744679 43.84332 False 6.8
11.55895 0.7744679 44.0711 False 6.82
11.55883 0.7744679 44.29889 False 6.84
11.55875 0.7744679 44.52667 False 6.86
11.55871 0.7744679 44.75445 False 6.88
11.55872 0.7716798 44.98223 False 6.9
11.55876 0.7716798 45.21001 False 6.92
11.55884 0.7716798 45.43779 False 6.94
11.55896 0.7716798 45.66558 False 6.96
11.55911 0.7716798 45.89338 False 6.98
11.55929 0.7716798 46.12118 False 7
11.55951 0.7716798 46.34899 False 7.02
11.55975 0.7716798 46.57681 False 7.04
11.56002 0.7716798 46.80464 False 7.06
11.56032 0.7716798 47.03248 False 7.08
11.56065 0.7716798 47.26034 False 7.1
11.56101 0.764672 47.4882 False 7.12
11.56139 0.764672 47.71609 False 7.14
11.5618 0.764672 47.94398 False 7.16
11.56223 0.764672 48.1719 False 7.18
11.56269 0.764672 48.39983 False 7.2
11.56318 0.764672 48.62778 False 7.22
11.56368 0.764672 48.85575 False 7.24
11.56421 0.764672 49.08374 False 7.26
11.56476 0.764672 49.31175 False 7.28
11.56534 0.764672 49.53977 False 7.3
11.56593 0.764672 49.76782 False 7.32
11.56654 0.764672 49.99588 False 7.34
11.56717 0.7361885 50.22396 False 7.36
11.56781 0.7361885 50.45206 False 7.38
11.56847 0.7361885 50.68018 False 7.4
11.56914 0.7361885 50.90831 False 7.42
11.56982 0.7361885 51.13646 False 7.44
11.5705 0.7361885 51.36463 False 7.46
11.57119 0.7361885 51.59282 False 7.48
11.57188 0.7361885 51.82102 False 7.5
11.57257 0.7361885 52.04924 False 7.52
11.57325 0.7361885 52.27747 False 7.54
11.57393 0.7361885 52.5057 False 7.56
11.57459 0.7361885 52.73396 False 7.58
11.57524 0.7361885 52.96222 False 7.6
11.57587 0.6012309 53.19049 False 7.62
11.57648 0.6012309 53.41877 False 7.64
11.57707 0.6012309 53.64705 False 7.66
11.57763 0.6012309 53.87533 False 7.68
11.57815 0.6012309 54.10362 False 7.7
11.57865 0.6012309 54.33191 False 7.72
11.5791 0.6012309 54.5602 False 7.74
11.57952 0.6012309 54.78849 False 7.76
11.57989 0.6012309 55.01678 False 7.78
11.58021 0.6012309 55.24506 False 7.8
11.58049 0.6012309 55.47334 False 7.82
11.58072 0.6012309 55.70161 False 7.84
11.5809 0.6012309 55.92986 False 7.86
11.58103 0.3484963 56.15811 False 7.88
11.58111 0.3484963 56.38635 False 7.9
11.58113 0.3484963 56.61457 False 7.92
11.5811 0.3484963 56.84278 False 7.94
11.58102 0.3484963 57.07098 False 7.96
11.58088 0.3484963 57.29916 False 7.98
11.5807 0.3484963 57.52732 False 8
11.58046 0.3484963 57.75546 False 8.02
11.58017 0.3484963 57.98359 False 8.04
11.57984 0.3484963 58.21169 False 8.059999
11.57947 0.3484963 58.43977 False 8.08
11.57905 0.3484963 58.66783 False 8.099999
11.57859 0.3484963 58.89587 False 8.12
11.5781 0.3484963 59.12388 False 8.139999
11.57757 0.3484963 59.35187 False 8.16
11.57702 0 59.57983 False 8.179999
11.57643 0 59.80778 False 8.2
11.31633 0 60.03217 False 8.22
8.895527 0 60.20656 False 8.24
8.293656 0 60.37101 False 8.26
8.177899 0 60.52906 False 8.28
8.183165 0 60.6881 False 8.3
8.186467 0 60.84768 False 8.32
8.176811 0 61.00711 False 8.34
8.156396 0 61.16594 False 8.36
8.127042 0 61.32384 False 8.38
8.089815 0 61.48059 False 8.4
8.044982 0 61.63596 False 8.42
7.992621 0 61.78973 False 8.44
7.933797 0 61.9417 False 8.46
7.870228 0 62.09173 False 8.48
7.805768 0 62.23978 False 8.5
7.745685 0 62.38599 False 8.52
7.639072 0 62.52952 False 8.54
7.558401 0 62.6714 False 8.559999
7.48808 0 62.81188 False 8.58
7.415002 0 62.95095 False 8.599999
7.339689 0 63.08852 False 8.62
7.263688 0 63.22453 False 8.639999
7.189518 0 63.35895 False 8.66
7.116519 0 63.49171 False 8.679999
7.045478 0 63.62278 False 8.7
6.976275 0 63.75209 False 8.72
6.90925 0 63.87958 False 8.74
6.844398 0 64.00518 False 8.76
6.782314 0 64.12885 False 8.78
6.723118 0 64.25051 False 8.8
6.66747 0 64.37014 False 8.82
6.615033 0 64.48769 False 8.84
6.566453 0 64.60313 False 8.86
6.521679 0 64.71641 False 8.88
6.480866 0 64.82751 False 8.9
2.556489 0 64.8503 False 8.92
2.463617 0 64.86481 False 8.94
2.262455 0 64.88309 False 8.96
2.062988 0 64.89934 False 8.98
1.866381 0 64.91387 False 9
1.674177 0 64.92682 False 9.02
1.488505 0 64.93829 False 9.04
1.312426 0 64.94836 False 9.059999
1.156598 0 64.95734 False 9.08
1.099422 0 64.96668 False 9.099999
1.030347 0 64.97552 False 9.12
1.000309 0 64.98341 False 9.139999
0.9781725 0 64.9901 False 9.16
0.9311394 0 64.9949 False 9.179999
0.9057466 0 64.99557 False 9.2
0.8788811 0 64.99653 False 9.22
0.8904235 0 64.99599 False 9.24
0.9088025 0 64.99348 False 9.26
0.942074 0 64.98902 False 9.28
0.9881256 0 64.98282 False 9.3
1.044715 0 64.97504 False 9.32
1.109601 0 64.96558 False 9.34
1.181458 0 64.95452 False 9.36
1.259083 0 64.94202 False 9.38
1.34099 0 64.928 False 9.4
1.426721 0 64.91255 False 9.42
1.515789 0 64.89581 False 9.44
1.607348 0 64.87776 False 9.46
1.701345 0 64.8585 False 9.48
1.797592 0 64.83813 False 9.5
1.8948 0 64.8167 False 9.52
1.959129 0 64.78997 False 9.54
2.068659 0 64.7653 False 9.559999
2.186545 0 64.74066 False 9.58
2.311148 0 64.7161 False 9.599999
2.44105 0 64.69166 False 9.62
2.535902 0 64.66694 False 9.639999
2.631766 0 64.64148 False 9.66
2.739267 0 64.61552 False 9.679999
2.854102 0 64.58949 False 9.7
2.968321 0 64.5638 False 9.719999
3.083886 0 64.53846 False 9.74
3.200631 0 64.5135 False 9.76
3.242194 0 64.48782 False 9.78
2.603731 0 64.46008 False 9.8
2.708703 0 64.43012 False 9.82
0.3642658 0 64.42926 False 9.84
0.2843693 0 64.43317 False 9.86
0.1285059 0 64.43333 False 9.88
0.05601898 0 64.43349 False 9.9
0.1245399 0 64.43361 False 9.92
0.2340711 0 64.43435 False 9.94
0.2302549 0 64.43504 False 9.96
0.04656913 0 64.43511 False 9.98
0.01042737 0 64.43514 False 10
0.00631233 0 64.43517 False 10.02
0.002035479 0 64.4352 False 10.04
0.000161816 0 64.4352 False 10.06
0.0001340416 0 64.4352 False 10.08
3.318199E-05 0 64.4352 False 10.1
0.0001513785 0 64.4352 False 10.12
0.0001727647 0 64.4352 False 10.14
0.0001714757 0 64.4352 False 10.16
0.000170416 0 64.4352 False 10.18
0.07875719 0 64.4352 False 10.2
0.006160593 0 64.4352 False 10.22
0.001228381 0 64.4352 False 10.24
0.0002654378 0 64.4352 False 10.26
6.29184E-05 0 64.4352 False 10.28
1.661294E-05 0 64.4352 False 10.3
3.564389E-06 0 64.4352 False 10.32
1.454456E-06 0 64.4352 False 10.34
1.202469E-06 0 64.4352 False 10.36
1.636629E-06 0 64.4352 False 10.38
1.111084E-06 0 64.4352 False 10.4
1.421884E-06 0 64.4352 False 10.42
1.085022E-06 0 64.4352 False 10.44
1.413687E-06 0 64.4352 False 10.46
1.461762E-06 0 64.4352 False 10.48
1.112279E-06 0 64.4352 False 10.5
7.585159E-07 0 64.4352 False 10.52
0.1962002 0 64.4352 False 10.54
0.3922368 0 64.4352 False 10.56
0.5877904 0 64.4352 False 10.58
0.2752726 0 64.4352 False 10.6
0.05506682 0 64.4352 False 10.62
0.01100251 0 64.4352 False 10.64
0.002200213 0 64.4352 False 10.66
0.0004406189 0 64.4352 False 10.68
8.778113E-05 0 64.4352 False 10.7
1.870349E-05 0 64.4352 False 10.72
4.477694E-06 0 64.4352 False 10.74
7.347371E-07 0 64.4352 False 10.76
9.373041E-07 0 64.4352 False 10.78
7.307298E-07 0 64.4352 False 10.8
7.147702E-07 0 64.4352 False 10.82
7.0702E-07 0 64.4352 False 10.84
0.1962004 0 64.4352 False 10.86
0.3922369 0 64.4352 False 10.88
0.5877905 0 64.4352 False 10.9
0.2723282 0 64.4352 False 10.92
0.0544802 0 64.4352 False 10.94
0.01088138 0 64.4352 False 10.96
0.002176758 0 64.4352 False 10.98
0.0004363376 0 64.4352 False 11
8.822158E-05 0 64.4352 False 11.02
1.673346E-05 0 64.4352 False 11.04
3.170877E-06 0 64.4352 False 11.06
7.729124E-07 0 64.4352 False 11.08
1.485334E-06 0 64.4352 False 11.1
1.034828E-06 0 64.4352 False 11.12
1.466217E-06 0 64.4352 False 11.14
1.019155E-06 0 64.4352 False 11.16
1.467475E-06 0 64.4352 False 11.18
0.1962008 0 64.4352 False 11.2
0.3922373 0 64.4352 False 11.22
0.3893744 0 64.4352 False 11.24
0.07788775 0 64.4352 False 11.26
0.01556319 0 64.4352 False 11.28
0.003113037 0 64.4352 False 11.3
0.00062157 0 64.4352 False 11.32
0.0001233013 0 64.4352 False 11.34
2.557027E-05 0 64.4352 False 11.36
4.062041E-06 0 64.4352 False 11.38
2.299274E-06 0 64.4352 False 11.4
7.607426E-07 0 64.4352 False 11.42
1.332951E-06 0 64.4352 False 11.44
7.007661E-07 0 64.4352 False 11.46
8.104591E-07 0 64.4352 False 11.48
1.12041E-06 0 64.4352 False 11.5
7.577054E-07 0 64.4352 False 11.52
0.1961997 0 64.4352 False 11.54
0.3922361 0 64.4352 False 11.56
0.08067199 0 64.4352 False 11.58
0.01613455 0 64.4352 False 11.6
0.003226622 0 64.4352 False 11.62
0.0006445529 0 64.4352 False 11.64
0.000129585 0 64.4352 False 11.66
2.468991E-05 0 64.4352 False 11.68
5.692564E-06 0 64.4352 False 11.7
1.708773E-06 0 64.4352 False 11.72
1.385067E-06 0 64.4352 False 11.74
1.661247E-06 0 64.4352 False 11.76
1.718153E-06 0 64.4352 False 11.78
1.385133E-06 0 64.4352 False 11.8
1.662329E-06 0 64.4352 False 11.82
1.361852E-06 0 64.4352 False 11.84
0.007475902 0 64.4352 False 11.86
0.008643233 0 64.4352 False 11.88
0.001685097 0 64.4352 False 11.9
0.0003227533 0 64.4352 False 11.92
6.590292E-05 0 64.4352 False 11.94
9.07348E-06 0 64.4352 False 11.96
2.141853E-06 0 64.4352 False 11.98
8.185531E-07 0 64.4352 False 12
8.174023E-07 0 64.4352 False 12.02
8.542427E-07 0 64.4352 False 12.04
1.484111E-06 0 64.4352 False 12.06
8.269619E-07 0 64.4352 False 12.08
8.519494E-07 0 64.4352 False 12.1
8.205964E-07 0 64.4352 False 12.12
1.458922E-06 0 64.4352 False 12.14
8.254956E-07 0 64.4352 False 12.16
8.198857E-07 0 64.4352 False 12.18
0.2363403 0 64.4352 False 12.2
0.0768673 0 64.43411 False 12.22
0.07033123 0 64.43423 False 12.24
0.1660785 0 64.43482 False 12.26
0.1315944 0 64.43512 False 12.28
0.02620258 0 64.43513 False 12.3
0.006198246 0 64.43515 False 12.32
0.002930941 0 64.43517 False 12.34
0.0006566754 0 64.43517 False 12.36
0.0001734308 0 64.43518 False 12.38
0.0001983458 0 64.43518 False 12.4
0.0003415567 0 64.43518 False 12.42
0.0002285126 0 64.43517 False 12.44
0.000132594 0 64.43517 False 12.46
0.0002474221 0 64.43517 False 12.48
0.0003094085 0 64.43517 False 12.5
0.0001930883 0 64.43517 False 12.52
0.3255741 0 64.43517 False 12.54
0.1502032 0 64.43365 False 12.56
0.08362707 0 64.43331 False 12.58
0.08732016 0 64.43372 False 12.6
0.2050479 0 64.43433 False 12.62
0.2599801 0 64.43498 False 12.64
0.05407341 0 64.43502 False 12.66
0.01133466 0 64.43505 False 12.68
0.005832973 0 64.4351 False 12.7
0.001554722 0 64.43511 False 12.72
0.0002594962 0 64.4351 False 12.74
0.0001785821 0 64.4351 False 12.76
4.169783E-05 0 64.4351 False 12.78
3.809197E-05 0 64.4351 False 12.8
0.0001408645 0 64.4351 False 12.82
5.555337E-05 0 64.4351 False 12.84
0.4030426 0 64.4351 False 12.86
0.2232616 0 64.43315 False 12.88
0.130782 0 64.43221 False 12.9
0.064321 0 64.43256 False 12.92
0.1297448 0 64.43314 False 12.94
0.2601923 0 64.43388 False 12.96
0.3698931 0 64.4349 False 12.98
0.07568073 0 64.435 False 13
0.01630126 0 64.43506 False 13.02
0.007968422 0 64.43512 False 13.04
0.002007385 0 64.43513 False 13.06
0.0004061739 0 64.43513 False 13.08
0.0001597883 0 64.43513 False 13.1
6.699007E-05 0 64.43513 False 13.12
1.275562E-05 0 64.43513 False 13.14
2.950123E-06 0 64.43513 False 13.16
1.215634E-06 0 64.43513 False 13.18
0.3726109 0 64.43513 False 13.2
0.194293 0 64.43324 False 13.22
0.1076506 0 64.43253 False 13.24
0.06695218 0 64.43293 False 13.26
0.1593374 0 64.43357 False 13.28
0.2912449 0 64.43441 False 13.3
0.2205091 0 64.43497 False 13.32
0.04447759 0 64.43501 False 13.34
0.01065709 0 64.43507 False 13.36
0.005111125 0 64.4351 False 13.38
0.001166045 0 64.43512 False 13.4
0.0001470621 0 64.43511 False 13.42
4.004721E-05 0 64.43511 False 13.44
1.672913E-05 0 64.43511 False 13.46
2.337558E-06 0 64.43511 False 13.48
1.359749E-06 0 64.43511 False 13.5
8.972428E-07 0 64.43511 False 13.52
0.3354539 0 64.43511 False 13.54
0.1593364 0 64.43336 False 13.56
0.08663169 0 64.43292 False 13.58
0.08222763 0 64.43336 False 13.6
0.1954564 0 64.43405 False 13.62
0.300186 0 64.43491 False 13.64
0.06345668 0 64.43497 False 13.66
0.01266424 0 64.43501 False 13.68
0.006673849 0 64.43505 False 13.7
0.001796153 0 64.43507 False 13.72
0.0002572947 0 64.43507 False 13.74
0.0002211121 0 64.43507 False 13.76
3.478179E-05 0 64.43507 False 13.78
0.0001971198 0 64.43507 False 13.8
5.766614E-05 0 64.43507 False 13.82
0.0002013022 0 64.43507 False 13.84
0.314547 0 64.43507 False 13.86
0.1399975 0 64.4334 False 13.88
0.0808545 0 64.4331 False 13.9
0.09438384 0 64.43356 False 13.92
0.2164728 0 64.43427 False 13.94
0.2145932 0 64.43485 False 13.96
0.04385923 0 64.43489 False 13.98
0.009756827 0 64.43494 False 14
0.004844763 0 64.43497 False 14.02
0.00130799 0 64.43498 False 14.04
0.0001081234 0 64.43498 False 14.06
0.0002722995 0 64.43498 False 14.08
0.0003522836 0 64.43497 False 14.1
0.0002109317 0 64.43497 False 14.12
0.0002951109 0 64.43498 False 14.14
0.0003391468 0 64.43497 False 14.16
0.0002125698 0 64.43497 False 14.18
0.03797418 0 64.43497 False 14.2
0.04394739 0 64.43497 False 14.22
0.008545338 0 64.43497 False 14.24
0.001550305 0 64.43497 False 14.26
0.0003660635 0 64.43497 False 14.28
7.151887E-05 0 64.43497 False 14.3
1.929234E-05 0 64.43497 False 14.32
5.712705E-06 0 64.43497 False 14.34
1.232667E-06 0 64.43497 False 14.36
1.223318E-06 0 64.43497 False 14.38
1.59216E-06 0 64.43497 False 14.4
1.20364E-06 0 64.43497 False 14.42
1.223521E-06 0 64.43497 False 14.44
1.028486E-06 0 64.43497 False 14.46
1.650016E-06 0 64.43497 False 14.48
1.01436E-06 0 64.43497 False 14.5
1.21332E-06 0 64.43497 False 14.52
0.1962012 0 64.43497 False 14.54
0.3922378 0 64.43497 False 14.56
0.5877913 0 64.43497 False 14.58
0.1929872 0 64.43497 False 14.6
0.03860346 0 64.43497 False 14.62
0.007715923 0 64.43497 False 14.64
0.001543303 0 64.43497 False 14.66
0.0003083011 0 64.43497 False 14.68
6.27789E-05 0 64.43497 False 14.7
1.265427E-05 0 64.43497 False 14.72
3.563206E-06 0 64.43497 False 14.74
1.193906E-06 0 64.43497 False 14.76
1.466985E-06 0 64.43497 False 14.78
1.489086E-06 0 64.43497 False 14.8
1.480387E-06 0 64.43497 False 14.82
1.877109E-06 0 64.43497 False 14.84
0.1962009 0 64.43497 False 14.86
0.3922372 0 64.43497 False 14.88
0.5877905 0 64.43497 False 14.9
0.3249952 0 64.43497 False 14.92
0.06499702 0 64.43497 False 14.94
0.01300479 0 64.43497 False 14.96
0.002599673 0 64.43497 False 14.98
0.0005209422 0 64.43497 False 15
0.000103708 0 64.43497 False 15.02
2.026877E-05 0 64.43497 False 15.04
3.308836E-06 0 64.43497 False 15.06
1.491954E-06 0 64.43497 False 15.08
9.052599E-07 0 64.43497 False 15.1
9.149538E-07 0 64.43497 False 15.12
6.02014E-07 0 64.43497 False 15.14
8.999253E-07 0 64.43497 False 15.16
9.093192E-07 0 64.43497 False 15.18
0.1962003 0 64.43497 False 15.2
0.3922368 0 64.43497 False 15.22
0.406079 0 64.43497 False 15.24
0.08121531 0 64.43497 False 15.26
0.01624291 0 64.43497 False 15.28
0.003249765 0 64.43497 False 15.3
0.0006510119 0 64.43497 False 15.32
0.0001312807 0 64.43497 False 15.34
2.612883E-05 0 64.43497 False 15.36
4.734822E-06 0 64.43497 False 15.38
6.801048E-07 0 64.43497 False 15.4
9.968262E-07 0 64.43497 False 15.42
1.179228E-06 0 64.43497 False 15.44
6.689907E-07 0 64.43497 False 15.46
9.984057E-07 0 64.43497 False 15.48
1.004629E-06 0 64.43497 False 15.5
6.905008E-07 0 64.43497 False 15.52
0.1962003 0 64.43497 False 15.54
0.3922368 0 64.43497 False 15.56
0.1230607 0 64.43497 False 15.58
0.02461268 0 64.43497 False 15.6
0.004921448 0 64.43497 False 15.62
0.000984951 0 64.43497 False 15.64
0.0001960363 0 64.43497 False 15.66
3.844657E-05 0 64.43497 False 15.68
7.693188E-06 0 64.43497 False 15.7
1.255833E-06 0 64.43497 False 15.72
9.06716E-07 0 64.43497 False 15.74
1.254999E-06 0 64.43497 False 15.76
9.139415E-07 0 64.43